%YAML:1.0
---
cameraMatrix: !!opencv-matrix
   rows: 3
   cols: 3
   dt: d
   data: [ 8.3791560183381068e+02, 0., 2.5838349189595948e+02, 0.,
       8.5510325427498015e+02, 3.2965915262025823e+02, 0., 0., 1. ]
distCoeffs: !!opencv-matrix
   rows: 1
   cols: 5
   dt: d
   data: [ 5.2524390169011370e-01, 2.0786244332706258e-01,
       6.2232440586694596e-02, -2.8677538840818795e-02,
       -2.0425346067147769e+00 ]
Rotation vector: !!opencv-matrix
   rows: 5
   cols: 1
   dt: "3d"
   data: [ 1.3659761943252378e-02, -3.4449381710050564e-01,
       1.5531169091128849e+00, 1.2515570572825232e-02,
       -3.4017131524429511e-01, 1.5571126934149668e+00,
       -2.1753478029492089e-02, 3.6564724981036628e-01,
       1.6398288637891771e+00, 3.3085093614347594e-01,
       -1.2930524989894143e-01, 1.5276238223216327e+00,
       3.0933853210442414e-01, -4.0587364193437570e-01,
       2.4699300727303712e+00 ]
Translation vector: !!opencv-matrix
   rows: 5
   cols: 1
   dt: "3d"
   data: [ 6.1621938298595830e+02, -4.3026180796537670e+02,
       1.7432850471536315e+03, 6.1533903792850344e+02,
       -4.3135532078193762e+02, 1.7426129781935360e+03,
       -7.5285597621212673e+01, -2.5569624244825519e+02,
       1.6817125089378646e+03, 1.3918608762015600e+02,
       -2.2843940431930963e+02, 9.8292702377519277e+02,
       2.2499948533247243e+02, -1.2311566620989066e+02,
       1.2133394298269411e+03 ]
